Simulation Results
Base number: 2
=======================================================
Exponent   Naive Time      Fast Time       Speedup Factor 
-------------------------------------------------------
0          0.000002        0.000001        1.60           x
100        0.000005        0.000002        2.30           x
200        0.000006        0.000001        4.33           x
300        0.000009        0.000002        5.57           x
400        0.000013        0.000002        7.71           x
500        0.000017        0.000002        10.00          x
600        0.000020        0.000002        8.50           x
700        0.000024        0.000002        12.75          x
800        0.000028        0.000002        16.86          x
900        0.000032        0.000002        16.88          x
1000       0.000036        0.000002        15.30          x
1100       0.000041        0.000003        13.15          x
1200       0.000046        0.000002        21.33          x
1300       0.000051        0.000003        19.55          x
1400       0.000077        0.000003        23.14          x
1500       0.000065        0.000003        21.08          x
1600       0.000068        0.000003        25.82          x
1700       0.000090        0.000003        31.58          x
1800       0.000106        0.000004        29.60          x
1900       0.000086        0.000003        25.64          x
2000       0.000091        0.000003        27.29          x
2100       0.000098        0.000005        20.60          x
2200       0.000108        0.000004        25.11          x
2300       0.000114        0.000005        25.11          x
2400       0.000121        0.000005        25.30          x
2500       0.000127        0.000005        26.65          x
2600       0.000138        0.000005        27.57          x
2700       0.000146        0.000005        30.55          x
2800       0.000152        0.000005        30.33          x
2900       0.000160        0.000005        29.17          x
3000       0.000168        0.000006        29.42          x
3100       0.000209        0.000006        36.50          x
3200       0.000188        0.000006        32.79          x
3300       0.000213        0.000006        34.42          x
3400       0.000211        0.000007        31.68          x
3500       0.000215        0.000007        32.18          x
3600       0.000233        0.000007        34.93          x
3700       0.000258        0.000007        34.94          x
3800       0.000250        0.000007        33.81          x
3900       0.000348        0.000008        42.91          x
4000       0.000286        0.000008        34.26          x
4100       0.000298        0.000011        27.73          x
4200       0.000305        0.000011        28.40          x
4300       0.000330        0.000011        29.47          x
4400       0.000336        0.000016        21.01          x
4500       0.000355        0.000012        29.18          x
4600       0.000337        0.000012        28.88          x
4700       0.000357        0.000016        22.67          x
4800       0.000372        0.000012        29.98          x
4900       0.000381        0.000016        23.88          x
5000       0.000397        0.000013        30.25          x
5100       0.000395        0.000013        30.11          x
5200       0.000406        0.000032        12.71          x
5300       0.000440        0.000014        31.27          x
5400       0.000710        0.000026        27.82          x
5500       0.000507        0.000022        23.37          x
5600       0.001481        0.000139        10.69          x
5700       0.000997        0.000025        40.59          x
5800       0.000692        0.000028        24.82          x
5900       0.000900        0.000028        31.72          x
6000       0.000980        0.000029        33.70          x
6100       0.000972        0.000029        33.96          x
6200       0.000990        0.000028        35.48          x
6300       0.001034        0.000021        49.87          x
6400       0.001064        0.000020        52.51          x
6500       0.001198        0.000022        53.46          x
6600       0.001120        0.000025        44.74          x
6700       0.001149        0.000023        49.16          x
6800       0.001201        0.000031        39.05          x
6900       0.001214        0.000025        48.49          x
7000       0.001257        0.000026        48.81          x
7100       0.001277        0.000027        47.42          x
7200       0.001282        0.000029        43.73          x
7300       0.001357        0.000037        36.25          x
7400       0.001125        0.000033        33.94          x
7500       0.000838        0.000020        42.88          x
7600       0.000803        0.000023        34.71          x
7700       0.000942        0.000021        43.91          x
7800       0.000852        0.000019        44.11          x
7900       0.000912        0.000026        35.42          x
8000       0.000940        0.000021        44.80          x
8100       0.001151        0.000032        36.02          x
8200       0.001088        0.000031        35.65          x
8300       0.000969        0.000025        38.70          x
8400       0.001030        0.000026        39.63          x
8500       0.001003        0.000036        27.68          x
8600       0.001856        0.000046        39.92          x
8700       0.001842        0.000046        39.63          x
8800       0.001908        0.000048        39.61          x
8900       0.001978        0.000049        40.09          x
9000       0.001998        0.000048        41.28          x
9100       0.001986        0.000050        40.05          x
9200       0.002014        0.000050        40.04          x
9300       0.001560        0.000036        43.63          x
9400       0.001375        0.000050        27.47          x
9500       0.001465        0.000031        46.92          x
9600       0.001247        0.000039        31.69          x
9700       0.001363        0.000036        37.35          x
9800       0.001426        0.000034        41.53          x
9900       0.001569        0.000036        43.87          x
10000      0.001348        0.000036        37.44          x
10100      0.001396        0.000040        34.65          x
10200      0.001410        0.000037        37.92          x
10300      0.001506        0.000036        41.28          x
10400      0.001445        0.000029        50.49          x
10500      0.001487        0.000029        51.13          x
10600      0.002324        0.000037        63.29          x
10700      0.001725        0.000032        53.21          x
10800      0.001549        0.000028        55.53          x
10900      0.001911        0.000028        67.93          x
11000      0.001623        0.000036        45.69          x
11100      0.001801        0.000033        53.96          x
11200      0.001711        0.000035        49.50          x
11300      0.002072        0.000034        60.35          x
11400      0.002047        0.000058        35.48          x
11500      0.003192        0.000176        18.09          x
11600      0.003481        0.000057        60.83          x
11700      0.003343        0.000073        45.97          x
11800      0.003651        0.000054        67.47          x
11900      0.003713        0.000053        70.15          x
12000      0.003452        0.000052        66.42          x
12100      0.003811        0.000055        69.19          x
12200      0.003549        0.000051        69.55          x
12300      0.004000        0.000063        63.08          x
12400      0.003665        0.000043        85.41          x
12500      0.004099        0.000050        82.26          x
12600      0.004051        0.000049        83.29          x
12700      0.003848        0.000049        78.73          x
12800      0.004210        0.000052        80.99          x
12900      0.003916        0.000061        64.41          x
13000      0.004298        0.000054        79.07          x
13100      0.004359        0.000058        74.93          x
13200      0.004050        0.000055        73.23          x
13300      0.004395        0.000062        71.18          x
13400      0.004398        0.000061        72.06          x
13500      0.004230        0.000060        70.12          x
13600      0.004126        0.000045        92.05          x
13700      0.002371        0.000048        48.98          x
13800      0.002523        0.000055        45.81          x
13900      0.002501        0.000052        48.34          x
14000      0.002539        0.000041        62.29          x
14100      0.002861        0.000048        59.70          x
14200      0.002779        0.000046        60.09          x
14300      0.003026        0.000054        56.40          x
14400      0.002757        0.000040        68.83          x
14500      0.003503        0.000057        61.48          x
14600      0.004656        0.000050        92.99          x
14700      0.003122        0.000040        78.89          x
14800      0.002727        0.000032        85.37          x
14900      0.003015        0.000054        55.71          x
15000      0.002809        0.000033        84.76          x
15100      0.003002        0.000041        72.36          x
15200      0.003140        0.000054        58.28          x
15300      0.003006        0.000042        71.24          x
15400      0.003131        0.000039        80.07          x
15500      0.002988        0.000051        58.57          x
15600      0.003220        0.000045        72.22          x
15700      0.003109        0.000043        72.84          x
15800      0.003227        0.000049        66.03          x
15900      0.003235        0.000045        72.18          x
16000      0.003510        0.000050        70.44          x
16100      0.003881        0.000065        59.84          x
16200      0.003444        0.000052        65.66          x
16300      0.003381        0.000048        69.87          x
16400      0.003577        0.000074        48.40          x
16500      0.003402        0.000063        53.65          x
16600      0.003485        0.000058        60.40          x
16700      0.003613        0.000065        55.72          x
16800      0.003651        0.000080        45.57          x
16900      0.004282        0.000068        63.24          x
17000      0.003756        0.000064        59.00          x
17100      0.003923        0.000068        57.94          x
17200      0.004956        0.000119        41.66          x
17300      0.003766        0.000064        58.72          x
17400      0.004150        0.000075        55.09          x
17500      0.003830        0.000081        47.53          x
17600      0.004069        0.000073        55.96          x
17700      0.003872        0.000071        54.32          x
17800      0.004092        0.000074        55.18          x
17900      0.004195        0.000074        56.58          x
18000      0.004263        0.000099        42.88          x
18100      0.004083        0.000074        55.42          x
18200      0.004232        0.000078        54.12          x
18300      0.004199        0.000080        52.72          x
18400      0.004218        0.000078        54.10          x
18500      0.004335        0.000075        58.10          x
18600      0.004286        0.000058        73.97          x
18700      0.004420        0.000067        65.74          x
18800      0.004821        0.000070        69.25          x
18900      0.004412        0.000063        69.83          x
19000      0.004563        0.000062        73.89          x
19100      0.005350        0.000065        82.80          x
19200      0.004929        0.000094        52.34          x
19300      0.004636        0.000066        69.95          x
19400      0.004919        0.000067        73.42          x
19500      0.005163        0.000067        76.79          x
19600      0.005087        0.000071        71.35          x
19700      0.005249        0.000077        67.95          x
19800      0.004926        0.000068        72.75          x
19900      0.005574        0.000077        72.37          x
20000      0.004917        0.000068        72.62          x
20100      0.004903        0.000077        63.48          x
20200      0.005386        0.000077        69.50          x
20300      0.005336        0.000074        72.19          x
20400      0.005243        0.000068        77.16          x
20500      0.005667        0.000070        80.57          x
20600      0.005168        0.000065        79.40          x
20700      0.005493        0.000068        80.85          x
20800      0.005718        0.000072        79.68          x
20900      0.005530        0.000069        80.26          x
21000      0.005426        0.000065        83.36          x
21100      0.005371        0.000064        84.37          x
21200      0.005529        0.000067        82.53          x
21300      0.005536        0.000065        85.68          x
21400      0.005507        0.000066        83.39          x
21500      0.005876        0.000109        53.69          x
21600      0.010169        0.000108        94.37          x
21700      0.007675        0.000070        109.12         x
21800      0.005796        0.000064        90.71          x
21900      0.005768        0.000094        61.56          x
22000      0.006550        0.000074        88.91          x
22100      0.005936        0.000073        81.36          x
22200      0.006136        0.000082        74.38          x
22300      0.009527        0.000130        73.05          x
22400      0.008744        0.000080        109.15         x
22500      0.006102        0.000087        69.74          x
22600      0.006275        0.000069        91.08          x
22700      0.006776        0.000071        95.05          x
22800      0.006482        0.000070        93.11          x
22900      0.006474        0.000067        96.29          x
23000      0.006696        0.000100        66.71          x
23100      0.011248        0.000117        96.09          x
23200      0.011254        0.000124        91.12          x
23300      0.011459        0.000128        89.50          x
23400      0.010467        0.000080        130.65         x
23500      0.006696        0.000077        87.49          x
23600      0.006963        0.000122        57.04          x
23700      0.006814        0.000095        71.99          x
23800      0.008154        0.000109        74.68          x
23900      0.009228        0.000082        112.84         x
24000      0.007564        0.000080        94.98          x
24100      0.008930        0.000082        108.89         x
24200      0.008014        0.000084        95.76          x
24300      0.007694        0.000107        72.19          x
24400      0.007718        0.000079        97.51          x
24500      0.007715        0.000094        81.92          x
24600      0.007947        0.000071        112.61         x
24700      0.007817        0.000079        98.46          x
24800      0.007579        0.000073        103.88         x
24900      0.008040        0.000070        115.49         x
25000      0.007628        0.000081        94.10          x
25100      0.007971        0.000080        100.09         x
25200      0.007807        0.000073        106.66         x
25300      0.008934        0.000079        113.55         x
25400      0.008264        0.000080        103.78         x
25500      0.011157        0.000097        115.54         x
25600      0.008560        0.000307        27.90          x
25700      0.008877        0.000083        106.99         x
25800      0.007936        0.000110        72.21          x
25900      0.008482        0.000103        82.16          x
26000      0.008556        0.000089        95.95          x
26100      0.008245        0.000086        95.53          x
26200      0.008019        0.000089        89.93          x
26300      0.008281        0.000115        72.06          x
26400      0.009526        0.000113        84.65          x
26500      0.008794        0.000103        84.99          x
26600      0.009130        0.000115        79.61          x
26700      0.009489        0.000075        126.35         x
26800      0.009649        0.000094        102.46         x
26900      0.009402        0.000088        106.86         x
27000      0.009208        0.000084        109.10         x
27100      0.008958        0.000074        121.20         x
27200      0.009099        0.000073        124.73         x
27300      0.010339        0.000104        99.00          x
27400      0.010525        0.000086        121.95         x
27500      0.009791        0.000095        103.44         x
27600      0.009781        0.000107        91.58          x
27700      0.009528        0.000130        73.33          x
27800      0.009496        0.000083        114.78         x
27900      0.009324        0.000091        102.65         x
28000      0.009481        0.000084        113.30         x
28100      0.009994        0.000079        125.88         x
28200      0.010058        0.000091        110.72         x
28300      0.009800        0.000091        108.17         x
28400      0.009816        0.000078        126.29         x
28500      0.010077        0.000086        117.41         x
28600      0.009666        0.000081        118.89         x
28700      0.010060        0.000073        138.34         x
28800      0.010013        0.000075        134.18         x
28900      0.010219        0.000075        135.64         x
29000      0.010674        0.000086        124.36         x
29100      0.010425        0.000076        137.94         x
29200      0.010500        0.000077        135.51         x
29300      0.010526        0.000087        121.29         x
29400      0.013235        0.000134        98.42          x
29500      0.018394        0.000098        188.63         x
29600      0.013899        0.000093        149.86         x
29700      0.011785        0.000085        138.07         x
29800      0.011793        0.000102        115.30         x
29900      0.010841        0.000105        103.11         x
30000      0.011434        0.000100        113.92         x
30100      0.010742        0.000102        105.51         x
30200      0.011178        0.000104        107.29         x
30300      0.011340        0.000108        104.54         x
30400      0.010892        0.000121        90.29          x
30500      0.011130        0.000103        108.06         x
30600      0.010890        0.000099        109.54         x
30700      0.010993        0.000105        104.31         x
30800      0.010994        0.000071        155.79         x
30900      0.011199        0.000079        142.33         x
31000      0.011182        0.000078        143.43         x
31100      0.011198        0.000080        140.62         x
31200      0.011235        0.000083        135.81         x
31300      0.011359        0.000081        140.12         x
31400      0.011370        0.000077        148.57         x
31500      0.012151        0.000089        136.63         x
31600      0.011877        0.000091        130.41         x
31700      0.011711        0.000089        132.04         x
31800      0.011912        0.000116        102.80         x
31900      0.013427        0.000105        127.99         x
32000      0.011965        0.000115        103.90         x
32100      0.011855        0.000112        105.79         x
32200      0.012267        0.000103        118.82         x
32300      0.012078        0.000111        108.71         x
32400      0.012242        0.000121        100.88         x
32500      0.016336        0.000201        81.38          x
32600      0.021634        0.000181        119.71         x
32700      0.021270        0.000187        113.93         x
32800      0.013279        0.000139        95.53          x
32900      0.012469        0.000121        103.15         x
33000      0.012694        0.000127        99.89          x
33100      0.012537        0.000123        101.90         x
33200      0.012860        0.000136        94.46          x
33300      0.012892        0.000135        95.53          x
33400      0.012746        0.000139        91.70          x
33500      0.020048        0.000235        85.28          x
33600      0.022812        0.000225        101.57         x
33700      0.022830        0.000238        95.76          x
33800      0.018478        0.000153        121.10         x
33900      0.013714        0.000143        96.03          x
34000      0.013216        0.000154        85.55          x
34100      0.017637        0.000231        76.42          x
34200      0.022160        0.000223        99.51          x
34300      0.015197        0.000153        99.13          x
34400      0.013614        0.000153        89.22          x
34500      0.013827        0.000157        87.87          x
34600      0.020559        0.000162        127.18         x
34700      0.015136        0.000182        83.10          x
34800      0.015435        0.000182        84.63          x
34900      0.014076        0.000128        110.36         x
35000      0.013751        0.000123        112.21         x
35100      0.014199        0.000126        112.79         x
35200      0.014106        0.000130        108.16         x
35300      0.014609        0.000134        109.42         x
35400      0.014411        0.000126        114.05         x
35500      0.015557        0.000146        106.79         x
35600      0.015167        0.000160        94.95          x
35700      0.014940        0.000137        109.17         x
35800      0.019405        0.000202        95.87          x
35900      0.024005        0.000192        124.76         x
36000      0.024133        0.000185        130.78         x
36100      0.024277        0.000184        131.90         x
36200      0.024246        0.000208        116.76         x
36300      0.026241        0.000214        122.56         x
36400      0.019297        0.000133        144.79         x
36500      0.015550        0.000151        103.20         x
36600      0.016214        0.000144        112.59         x
36700      0.016700        0.000148        112.61         x
36800      0.017830        0.000149        119.66         x
36900      0.016390        0.000153        106.91         x
37000      0.016461        0.000148        111.00         x
37100      0.018791        0.000129        145.42         x
37200      0.016738        0.000169        99.16          x
37300      0.018072        0.000145        124.46         x
37400      0.026111        0.000216        120.75         x
37500      0.023993        0.000145        165.25         x
37600      0.018240        0.000222        82.26          x
37700      0.028230        0.000162        173.87         x
37800      0.016619        0.000185        89.60          x
37900      0.016659        0.000143        116.45         x
38000      0.016977        0.000163        104.41         x
38100      0.018130        0.000220        82.57          x
38200      0.017102        0.000138        123.67         x
38300      0.017616        0.000145        121.13         x
38400      0.017914        0.000165        108.74         x
38500      0.017390        0.000139        125.33         x
38600      0.019321        0.000162        119.17         x
38700      0.018668        0.000159        117.56         x
38800      0.017544        0.000157        111.83         x
38900      0.017690        0.000149        119.09         x
39000      0.017561        0.000161        109.28         x
39100      0.018120        0.000149        121.80         x
39200      0.017993        0.000146        123.32         x
39300      0.017277        0.000136        126.69         x
39400      0.017747        0.000152        116.67         x
39500      0.024382        0.000219        111.40         x
39600      0.019351        0.000168        114.96         x
39700      0.018996        0.000160        118.92         x
39800      0.018445        0.000154        119.76         x
39900      0.019076        0.000139        137.00         x
40000      0.018738        0.000148        126.76         x
40100      0.018646        0.000139        134.15         x
40200      0.019008        0.000141        135.13         x
40300      0.019777        0.000160        123.62         x
40400      0.018821        0.000162        115.92         x
40500      0.018514        0.000153        120.95         x
40600      0.025744        0.000258        99.89          x
40700      0.033406        0.000236        141.67         x
40800      0.033477        0.000232        144.31         x
40900      0.033671        0.000229        147.11         x
41000      0.021158        0.000160        132.06         x
41100      0.019015        0.000153        124.23         x
41200      0.019220        0.000151        127.55         x
41300      0.019266        0.000148        130.33         x
41400      0.020601        0.000158        130.52         x
41500      0.020619        0.000147        140.17         x
41600      0.020806        0.000169        123.26         x
41700      0.020944        0.000163        128.81         x
41800      0.020281        0.000148        136.76         x
41900      0.019727        0.000145        136.31         x
42000      0.019748        0.000141        139.91         x
42100      0.019789        0.000139        141.88         x
42200      0.020010        0.000149        134.07         x
42300      0.019661        0.000140        140.01         x
42400      0.020685        0.000155        133.06         x
42500      0.022676        0.000143        158.25         x
42600      0.020694        0.000179        115.73         x
42700      0.020425        0.000150        136.20         x
42800      0.020705        0.000139        148.96         x
42900      0.023377        0.000167        139.68         x
43000      0.029248        0.000267        109.63         x
43100      0.022595        0.000140        161.18         x
43200      0.020636        0.000136        151.85         x
43300      0.021679        0.000139        156.23         x
43400      0.029721        0.000142        209.16         x
43500      0.021622        0.000134        160.80         x
43600      0.021866        0.000142        153.88         x
43700      0.021817        0.000443        49.28          x
43800      0.023292        0.000171        135.88         x
43900      0.022590        0.000157        143.56         x
44000      0.022932        0.000157        145.73         x
44100      0.026590        0.000153        173.45         x
44200      0.022839        0.000154        147.83         x
44300      0.022405        0.000148        151.57         x
44400      0.022275        0.000165        134.62         x
44500      0.023386        0.000149        156.69         x
44600      0.023230        0.000160        145.64         x
44700      0.022566        0.000146        154.15         x
44800      0.022378        0.000155        143.96         x
44900      0.023588        0.000145        162.46         x
45000      0.026248        0.000152        172.29         x
45100      0.023350        0.000176        132.52         x
45200      0.023964        0.000155        154.40         x
45300      0.023564        0.000154        152.52         x
45400      0.023806        0.000171        139.26         x
45500      0.023624        0.000153        154.34         x
45600      0.023776        0.000154        154.37         x
45700      0.036645        0.000247        148.07         x
45800      0.030583        0.000178        172.18         x
45900      0.023856        0.000138        172.81         x
46000      0.034587        0.000231        149.71         x
46100      0.032063        0.000158        202.53         x
46200      0.024009        0.000153        157.10         x
46300      0.023968        0.000163        146.97         x
46400      0.024116        0.000163        148.32         x
46500      0.024585        0.000158        155.77         x
46600      0.024445        0.000167        146.05         x
46700      0.024976        0.000151        164.97         x
46800      0.025393        0.000190        133.97         x
46900      0.025531        0.000168        152.32         x
47000      0.025575        0.000154        165.54         x
47100      0.026749        0.000168        159.37         x
47200      0.025073        0.000146        172.12         x
47300      0.025019        0.000143        174.60         x
47400      0.025734        0.000159        162.31         x
47500      0.025228        0.000158        159.60         x
47600      0.026115        0.000140        185.96         x
47700      0.025483        0.000191        133.44         x
47800      0.025628        0.000175        146.85         x
47900      0.026055        0.000159        164.09         x
48000      0.032512        0.000146        222.10         x
48100      0.026632        0.000180        147.75         x
48200      0.026177        0.000166        157.53         x
48300      0.026619        0.000169        157.25         x
48400      0.026396        0.000164        161.39         x
48500      0.026083        0.000170        153.44         x
48600      0.026464        0.000170        155.24         x
48700      0.026775        0.000170        157.07         x
48800      0.027180        0.000172        158.34         x
48900      0.026715        0.000163        163.82         x
49000      0.027360        0.000171        160.05         x
49100      0.033087        0.000275        120.26         x
49200      0.040630        0.000136        298.45         x
49300      0.029046        0.000146        198.42         x
49400      0.029612        0.000134        220.22         x
49500      0.028156        0.000136        206.46         x
49600      0.028567        0.000173        165.27         x
49700      0.029981        0.000143        209.93         x
49800      0.027988        0.000144        195.00         x
49900      0.027993        0.000158        177.09         x
50000      0.028170        0.000188        149.56         x
50100      0.030016        0.000165        181.40         x
50200      0.029777        0.000163        182.59         x
50300      0.028637        0.000170        168.70         x
50400      0.028693        0.000174        164.86         x
50500      0.028605        0.000178        161.04         x
50600      0.032445        0.000171        190.06         x
50700      0.029325        0.000198        148.01         x
50800      0.028841        0.000191        151.21         x
50900      0.029218        0.000191        153.00         x
51000      0.029347        0.000206        142.30         x
51100      0.037676        0.000345        109.13         x
51200      0.040492        0.000325        124.70         x
51300      0.037320        0.000154        241.93         x
51400      0.031946        0.000146        219.30         x
51500      0.029772        0.000154        193.00         x
51600      0.030930        0.000162        190.78         x
51700      0.029902        0.000174        172.04         x
51800      0.029834        0.000151        197.99         x
51900      0.038338        0.000160        239.64         x
52000      0.041337        0.000238        173.55         x
52100      0.041283        0.000143        288.11         x
52200      0.030079        0.000142        211.32         x
52300      0.029876        0.000169        177.24         x
52400      0.031063        0.000152        204.85         x
52500      0.033995        0.000145        233.74         x
52600      0.030865        0.000146        211.19         x
52700      0.030822        0.000182        169.65         x
52800      0.030869        0.000164        188.73         x
52900      0.030572        0.000158        193.99         x
53000      0.031357        0.000160        196.59         x
53100      0.031389        0.000154        203.80         x
53200      0.031911        0.000159        201.27         x
53300      0.038497        0.000262        146.65         x
53400      0.045084        0.000147        307.47         x
53500      0.033128        0.000162        204.64         x
53600      0.031620        0.000160        197.36         x
53700      0.033132        0.000152        218.50         x
53800      0.033294        0.000141        236.68         x
53900      0.032931        0.711580        0.05           x
54000      0.033418        0.000170        197.14         x
54100      0.032218        0.000170        189.79         x
54200      0.033271        0.000192        173.57         x
54300      0.033231        0.000183        181.25         x
54400      0.047169        0.000146        323.27         x
54500      0.034452        0.000155        222.65         x
54600      0.032936        0.000151        217.89         x
54700      0.033511        0.000172        194.41         x
54800      0.033107        0.000162        204.81         x
54900      0.038727        0.000177        218.91         x
55000      0.034501        0.000187        184.58         x
55100      0.034458        0.000175        196.91         x
55200      0.033913        0.000169        200.62         x
55300      0.033571        0.000164        204.96         x
55400      0.033830        0.000171        197.62         x
55500      0.035080        0.000162        216.70         x
55600      0.034002        0.000150        227.09         x
55700      0.034824        0.000143        243.44         x
55800      0.040931        0.000161        254.33         x
55900      0.037023        0.000157        236.36         x
56000      0.036797        0.000162        227.30         x
56100      0.036005        0.000171        210.62         x
56200      0.035908        0.000164        218.91         x
56300      0.034805        0.000181        192.08         x
56400      0.035706        0.000182        196.02         x
56500      0.034961        0.000166        210.38         x
56600      0.036167        0.000179        201.99         x
56700      0.036773        0.000178        206.20         x
56800      0.036057        0.000176        204.37         x
56900      0.035220        0.000167        211.33         x
57000      0.035643        0.000169        210.86         x
57100      0.036354        0.000179        203.04         x
57200      0.036888        0.000167        221.03         x
57300      0.037949        0.000144        262.66         x
57400      0.036063        0.000143        252.10         x
57500      0.036216        0.000146        247.80         x
57600      0.037013        0.000151        245.64         x
57700      0.036476        0.000149        245.18         x
57800      0.037493        0.000267        140.28         x
57900      0.049369        0.000151        327.12         x
58000      0.038165        0.000151        252.88         x
58100      0.037656        0.000163        230.57         x
58200      0.037428        0.000164        228.84         x
58300      0.040590        0.000168        241.48         x
58400      0.037903        0.000178        212.82         x
58500      0.037555        0.000181        207.26         x
58600      0.037143        0.000187        198.46         x
58700      0.037932        0.000193        196.17         x
58800      0.039385        0.000216        182.33         x
58900      0.039302        0.000203        193.48         x
59000      0.051473        0.000336        153.33         x
59100      0.043046        0.000236        182.19         x
59200      0.038775        0.000214        181.51         x
59300      0.039536        0.000210        188.23         x
59400      0.044605        0.000208        214.79         x
59500      0.039760        0.000174        228.76         x
59600      0.039828        0.000168        237.29         x
59700      0.044522        0.000249        178.53         x
59800      0.043426        0.000152        285.93         x
59900      0.039694        0.000165        240.24         x
60000      0.040018        0.000153        261.85         x
60100      0.040123        0.000177        227.11         x
60200      0.040835        0.000187        218.74         x
60300      0.048201        0.000160        301.30         x
60400      0.041314        0.000186        222.16         x
60500      0.052131        0.000168        311.03         x
60600      0.041258        0.000165        250.43         x
60700      0.040427        0.000177        227.91         x
60800      0.045633        0.000181        252.51         x
60900      0.042292        0.000163        260.09         x
61000      0.046152        0.000157        294.19         x
61100      0.041166        0.000153        268.53         x
61200      0.042061        0.000152        276.08         x
61300      0.043372        0.000166        261.75         x
61400      0.042754        0.000170        251.50         x
61500      0.041477        0.000153        270.56         x
61600      0.041521        0.000154        269.58         x
61700      0.042076        0.000147        286.50         x
61800      0.042791        0.000220        194.66         x
61900      0.042040        0.000155        270.86         x
62000      0.042350        0.000160        263.93         x
62100      0.053830        0.000175        308.44         x
62200      0.043869        0.000166        263.99         x
62300      0.042842        0.000171        250.97         x
62400      0.042986        0.000177        242.99         x
62500      0.042495        0.000180        235.45         x
62600      0.043690        0.000192        227.07         x
62700      0.042609        0.000193        221.18         x
62800      0.043941        0.000199        220.72         x
62900      0.044530        0.000207        214.68         x
63000      0.043096        0.000212        203.56         x
63100      0.043160        0.000201        215.25         x
63200      0.044877        0.000226        198.55         x
63300      0.044692        0.000214        208.74         x
63400      0.045298        0.000213        212.52         x
63500      0.049674        0.000264        188.21         x
63600      0.062819        0.000149        421.57         x
63700      0.051223        0.000168        305.61         x
63800      0.046018        0.000168        274.17         x
63900      0.045184        0.000163        276.67         x
64000      0.047120        0.000170        276.42         x
64100      0.051939        0.000186        278.94         x
64200      0.046814        0.000175        266.79         x
64300      0.045998        0.000181        254.19         x
64400      0.046973        0.000206        227.77         x
64500      0.047725        0.000186        256.63         x
64600      0.046333        0.000195        237.57         x
64700      0.045325        0.000211        214.81         x
64800      0.046612        0.000347        134.46         x
64900      0.053514        0.000203        263.75         x
65000      0.049581        0.000211        235.25         x
65100      0.046059        0.000220        209.30         x
65200      0.047343        0.000235        201.39         x
65300      0.048211        0.000223        216.04         x
65400      0.046591        0.000253        184.01         x
65500      0.048499        0.000248        195.41         x
65600      0.050086        0.000259        193.26         x
65700      0.069296        0.000247        280.01         x
65800      0.048383        0.000281        172.27         x
65900      0.049621        0.000268        184.83         x
66000      0.049601        0.000255        194.43         x
66100      0.063445        0.000433        146.53         x
66200      0.052943        0.000338        156.82         x
66300      0.051675        0.000285        181.37         x
66400      0.048908        0.000276        177.45         x
66500      0.048769        0.000273        178.96         x
66600      0.051419        0.000478        107.67         x
66700      0.049496        0.000298        166.35         x
66800      0.049770        0.000288        173.09         x
66900      0.050131        0.000311        161.12         x
67000      0.065990        0.000503        131.24         x
67100      0.066552        0.000535        124.45         x
67200      0.055476        0.000304        182.64         x
67300      0.060793        0.000334        182.26         x
67400      0.050941        0.000356        143.21         x
67500      0.051001        0.000343        148.76         x
67600      0.061844        0.000325        190.31         x
67700      0.050124        0.000269        186.05         x
67800      0.050331        0.000253        199.15         x
67900      0.068664        0.000256        268.40         x
68000      0.053203        0.000268        198.36         x
68100      0.052056        0.000256        203.30         x
68200      0.052061        0.000250        207.96         x
68300      0.057021        0.000256        222.48         x
68400      0.052197        0.000260        200.48         x
68500      0.052454        0.000257        203.90         x
68600      0.051524        0.000253        203.68         x
68700      0.052621        0.000258        203.98         x
68800      0.052981        0.000247        214.29         x
68900      0.053190        0.000272        195.36         x
69000      0.056927        0.000257        221.91         x
69100      0.054244        0.000252        214.84         x
69200      0.058423        0.000297        196.51         x
69300      0.055064        0.000263        209.58         x
69400      0.085872        0.000421        204.07         x
69500      0.079057        0.000262        301.72         x
69600      0.054396        0.000268        202.98         x
69700      0.071610        0.000259        276.82         x
69800      0.059320        0.000422        140.57         x
69900      0.076193        0.000271        280.82         x
70000      0.056870        0.000257        221.27         x
70100      0.074784        0.000411        181.84         x
70200      0.076984        0.000248        310.18         x
70300      0.054044        0.000254        212.64         x
70400      0.053982        0.000255        211.41         x
70500      0.054273        0.000257        211.17         x
70600      0.061598        0.000261        236.38         x
70700      0.053340        0.000249        214.30         x
70800      0.054134        0.000272        198.99         x
70900      0.054720        0.000260        210.75         x
71000      0.068055        0.000258        263.81         x
71100      0.054760        0.000254        215.66         x
71200      0.057556        0.000268        214.58         x
71300      0.055824        0.000271        206.29         x
71400      0.056530        0.000264        213.99         x
71500      0.057682        0.000276        209.11         x
71600      0.059763        0.000284        210.11         x
71700      0.061693        0.000279        221.16         x
71800      0.057843        0.000290        199.68         x
71900      0.057177        0.000283        202.38         x
72000      0.056949        0.000283        201.23         x
72100      0.061821        0.000425        145.59         x
72200      0.056843        0.000256        222.20         x
72300      0.057065        0.000266        214.66         x
72400      0.058698        0.000277        212.06         x
72500      0.084080        0.000256        328.36         x
72600      0.064804        0.000263        246.20         x
72700      0.057841        0.000305        189.39         x
72800      0.058004        0.000281        206.70         x
72900      0.058184        0.000269        215.97         x
73000      0.057840        0.000283        204.38         x
73100      0.059935        0.000265        226.07         x
73200      0.058881        0.000411        143.17         x
73300      0.056994        0.000281        202.76         x
73400      0.058707        0.000266        220.44         x
73500      0.059624        0.000284        209.98         x
73600      0.058545        0.000260        225.28         x
73700      0.059719        0.000299        199.90         x
73800      0.060187        0.000291        207.09         x
73900      0.059638        0.000309        193.01         x
74000      0.059652        0.000288        206.95         x
74100      0.060969        0.000272        224.12         x
74200      0.060778        0.000460        132.08         x
74300      0.064533        0.000253        255.35         x
74400      0.059495        0.000257        231.05         x
74500      0.061021        0.000251        243.29         x
74600      0.071483        0.000281        254.30         x
74700      0.062150        0.000311        199.90         x
74800      0.060809        0.000257        236.38         x
74900      0.061478        0.000280        219.27         x
75000      0.063448        0.000305        207.91         x
75100      0.061640        0.000269        229.40         x
75200      0.062216        0.000264        235.52         x
75300      0.089757        0.000286        313.46         x
75400      0.062366        0.000268        232.31         x
75500      0.061503        0.000300        204.73         x
75600      0.062468        0.000274        227.83         x
75700      0.062941        0.000273        230.36         x
75800      0.061416        0.000263        233.76         x
75900      0.069341        0.000430        161.31         x
76000      0.074744        0.000267        280.41         x
76100      0.062211        0.000266        234.02         x
76200      0.063082        0.000274        230.07         x
76300      0.062637        0.000258        242.36         x
76400      0.062874        0.000260        241.50         x
76500      0.062981        0.000264        238.63         x
76600      0.064008        0.000306        209.25         x
76700      0.063402        0.000270        235.13         x
76800      0.062464        0.000279        223.73         x
76900      0.064779        0.000277        233.62         x
77000      0.063566        0.000275        230.83         x
77100      0.065825        0.000273        241.34         x
77200      0.067678        0.000297        228.19         x
77300      0.064141        0.000260        246.36         x
77400      0.065840        0.000264        249.46         x
77500      0.095142        0.000441        215.59         x
77600      0.081497        0.000266        306.29         x
77700      0.066727        0.000315        211.55         x
77800      0.104009        0.000441        235.81         x
77900      0.103146        0.000253        407.75         x
78000      0.065797        0.000258        254.82         x
78100      0.067698        0.000273        247.99         x
78200      0.073801        0.000264        279.62         x
78300      0.064853        0.000260        249.55         x
78400      0.066519        0.000278        239.69         x
78500      0.066491        0.000260        255.39         x
78600      0.067046        0.000279        240.15         x
78700      0.065543        0.000277        236.99         x
78800      0.066778        0.000262        254.86         x
78900      0.065840        0.000285        231.29         x
79000      0.066285        0.000293        226.03         x
79100      0.066092        0.000270        244.46         x
79200      0.068363        0.000280        244.03         x
79300      0.066818        0.000273        244.98         x
79400      0.067468        0.000283        238.40         x
79500      0.068330        0.000265        258.19         x
79600      0.074827        0.000332        225.63         x
79700      0.067723        0.000291        232.45         x
79800      0.071625        0.000294        243.84         x
79900      0.080845        0.000291        277.94         x
80000      0.067252        0.000253        266.11         x
80100      0.073320        0.000250        293.44         x
80200      0.081598        0.000277        294.53         x
80300      0.068869        0.000257        267.46         x
80400      0.068686        0.000268        255.85         x
80500      0.076320        0.000260        293.41         x
80600      0.069844        0.000264        264.16         x
80700      0.078728        0.000447        176.11         x
80800      0.078235        0.000258        302.71         x
80900      0.069137        0.000275        251.29         x
81000      0.069335        0.000268        258.27         x
81100      0.079106        0.000330        239.91         x
81200      0.069979        0.000266        263.48         x
81300      0.070160        0.000286        245.64         x
81400      0.069877        0.000281        248.80         x
81500      0.071258        0.000296        240.45         x
81600      0.071633        0.000289        247.49         x
81700      0.090815        0.000289        314.28         x
81800      0.071564        0.000283        252.45         x
81900      0.073015        0.000264        276.65         x
82000      0.072276        0.000261        277.10         x
82100      0.072140        0.000262        275.82         x
82200      0.072187        0.000260        278.03         x
82300      0.069420        0.000254        273.65         x
82400      0.071962        0.000253        283.94         x
82500      0.073796        0.000273        270.32         x
82600      0.073471        0.000445        165.14         x
82700      0.093816        0.000267        351.33         x
82800      0.072336        0.000302        239.84         x
82900      0.073695        0.000260        283.84         x
83000      0.071775        0.000283        253.62         x
83100      0.090620        0.000431        210.23         x
83200      0.111819        0.000272        410.68         x
83300      0.073475        0.000267        275.65         x
83400      0.074387        0.000266        279.82         x
83500      0.074588        0.000262        285.18         x
83600      0.077524        0.000437        177.29         x
83700      0.078875        0.000317        249.12         x
83800      0.074507        0.000297        251.01         x
83900      0.094061        0.000286        328.77         x
84000      0.075912        0.000282        269.14         x
84100      0.077341        0.000259        298.43         x
84200      0.077810        0.000261        298.59         x
84300      0.076114        0.000253        301.18         x
84400      0.075823        0.000273        278.24         x
84500      0.079404        0.000271        293.43         x
84600      0.075032        0.000251        298.87         x
84700      0.074574        0.000254        293.42         x
84800      0.075706        0.000256        296.21         x
84900      0.077567        0.000283        274.32         x
85000      0.074929        0.000255        293.44         x
85100      0.087413        0.000256        341.37         x
85200      0.077214        0.000257        300.15         x
85300      0.077472        0.000272        285.29         x
85400      0.085410        0.000267        320.43         x
85500      0.081931        0.000430        190.39         x
85600      0.119232        0.000262        455.87         x
85700      0.088904        0.000393        226.13         x
85800      0.100370        0.000297        338.14         x
85900      0.081137        0.000269        301.43         x
86000      0.080805        0.000258        313.24         x
86100      0.081282        0.000286        283.86         x
86200      0.079271        0.000272        291.91         x
86300      0.092148        0.000261        352.64         x
86400      0.081648        0.000274        298.31         x
86500      0.080092        0.000264        302.91         x
86600      0.112936        0.000257        438.60         x
86700      0.080041        0.000284        281.41         x
86800      0.080928        0.000284        284.52         x
86900      0.082928        0.000301        275.83         x
87000      0.088539        0.000287        308.95         x
87100      0.079746        0.000270        295.48         x
87200      0.083948        0.000260        322.74         x
87300      0.082179        0.000257        319.74         x
87400      0.082988        0.000294        281.84         x
87500      0.083868        0.000286        293.63         x
87600      0.089797        0.000318        282.13         x
87700      0.084640        0.000312        271.20         x
87800      0.090162        0.000298        302.78         x
87900      0.084744        0.000294        288.04         x
88000      0.084357        0.000277        305.02         x
88100      0.099346        0.000274        362.02         x
88200      0.100913        0.000438        230.28         x
88300      0.109887        0.000288        381.22         x
88400      0.083466        0.000266        313.69         x
88500      0.096281        0.000265        363.49         x
88600      0.084394        0.000452        186.89         x
88700      0.128211        0.000282        455.34         x
88800      0.115036        0.000322        357.14         x
88900      0.086662        0.000281        308.30         x
89000      0.105798        0.000279        378.95         x
89100      0.088445        0.000280        315.45         x
89200      0.087182        0.000276        315.50         x
89300      0.133495        0.000498        267.90         x
89400      0.086347        0.000274        315.20         x
89500      0.107218        0.000274        391.05         x
89600      0.088779        0.000281        315.56         x
89700      0.093114        0.000293        317.78         x
89800      0.086233        0.000270        319.23         x
89900      0.091592        0.000295        310.81         x
90000      0.085985        0.000292        294.65         x
90100      0.087327        0.000285        306.76         x
90200      0.093665        0.000256        365.79         x
90300      0.086494        0.000273        316.56         x
90400      0.088207        0.000279        315.94         x
90500      0.101449        0.000260        390.73         x
90600      0.095065        0.000276        344.03         x
90700      0.092949        0.000293        316.70         x
90800      0.090151        0.000270        334.03         x
90900      0.108364        0.000290        373.16         x
91000      0.090459        0.000312        290.29         x
91100      0.090346        0.000297        304.37         x
91200      0.092506        0.000309        299.84         x
91300      0.108155        0.000304        356.07         x
91400      0.087857        0.000285        308.62         x
91500      0.091741        0.000294        312.33         x
91600      0.108649        0.000278        391.50         x
91700      0.095901        0.000278        344.97         x
91800      0.091880        0.000281        326.86         x
91900      0.089756        0.000304        295.50         x
92000      0.090272        0.000306        294.65         x
92100      0.122676        0.000304        403.24         x
92200      0.090965        0.000299        304.26         x
92300      0.094416        0.000273        346.47         x
92400      0.098862        0.000276        357.77         x
92500      0.092324        0.000273        338.79         x
92600      0.113170        0.000273        414.92         x
92700      0.091452        0.000271        337.36         x
92800      0.108481        0.000262        414.01         x
92900      0.092066        0.000273        336.96         x
93000      0.117847        0.000273        431.31         x
93100      0.105922        0.000283        374.28         x
93200      0.094837        0.000295        321.30         x
93300      0.098960        0.000312        317.09         x
93400      0.092004        0.000282        326.47         x
93500      0.093333        0.000291        320.61         x
93600      0.092139        0.000282        326.40         x
93700      0.094433        0.000270        349.59         x
93800      0.095203        0.000275        346.02         x
93900      0.092793        0.000277        334.94         x
94000      0.119857        0.000300        398.98         x
94100      0.094953        0.000271        349.97         x
94200      0.101948        0.000289        352.81         x
94300      0.094462        0.000269        351.24         x
94400      0.097975        0.000267        366.58         x
94500      0.096386        0.000279        344.94         x
94600      0.097103        0.000270        359.15         x
94700      0.095135        0.000286        332.24         x
94800      0.102729        0.000271        379.29         x
94900      0.097188        0.000270        360.10         x
95000      0.109007        0.000271        402.83         x
95100      0.105039        0.000486        216.28         x
95200      0.122498        0.000284        430.67         x
95300      0.096679        0.000296        326.23         x
95400      0.099554        0.000306        324.95         x
95500      0.095620        0.000444        215.51         x
95600      0.097718        0.000298        328.15         x
95700      0.098838        0.000292        338.14         x
95800      0.105771        0.000452        233.86         x
95900      0.099370        0.000305        326.12         x
96000      0.099175        0.000306        324.22         x
96100      0.108070        0.000322        336.01         x
96200      0.106188        0.000300        354.32         x
96300      0.099114        0.000313        316.61         x
96400      0.107409        0.000259        415.21         x
96500      0.100496        0.000293        342.97         x
96600      0.105990        0.000269        394.46         x
96700      0.120078        0.000271        443.35         x
96800      0.100649        0.000292        344.89         x
96900      0.119367        0.000468        254.92         x
97000      0.104239        0.000327        318.90         x
97100      0.137635        0.000287        479.47         x
97200      0.100850        0.000287        351.32         x
97300      0.101449        0.000321        316.36         x
97400      0.102826        0.000320        320.90         x
97500      0.104001        0.000338        308.06         x
97600      0.103956        0.000322        323.22         x
97700      0.105980        0.000323        328.54         x
97800      0.103111        0.000332        310.69         x
97900      0.116887        0.000317        369.17         x
98000      0.106359        0.000333        319.10         x
98100      0.103802        0.000323        321.31         x
98200      0.103407        0.000304        340.71         x
98300      0.105299        0.000312        337.91         x
98400      0.125487        0.000267        470.78         x
98500      0.107233        0.000282        380.19         x
98600      0.104926        0.000268        392.24         x
98700      0.130145        0.000403        322.81         x
98800      0.113906        0.000290        392.89         x
98900      0.135307        0.001504        89.95          x
99000      0.125665        0.000299        420.32         x
99100      0.107177        0.000303        353.96         x
99200      0.108644        0.000308        352.97         x
99300      0.111041        0.000505        220.00         x
99400      0.110438        0.000317        348.28         x
99500      0.108865        0.000341        319.53         x
99600      0.127583        0.000350        365.02         x
99700      0.115207        0.000350        328.72         x
99800      0.106499        0.000353        301.82         x
99900      0.861376        0.000396        2176.43        x
100000     0.110163        0.000538        204.63         x
